5
1 10
10 12
1 10
1 10
23 24

9
1 10
1 3
10 12
1 10
1 234
1 10
30 36
23 24
12 13

9

5
1 10
1 3
1 4
3 15
7 20

4

6
1 10
1 3
1 4
3 15
7 20
5 16

4

7
1 10
1 3
1 4
3 15
7 20
5 16
1 100

4

17
42 45
42 50
70 72
79 100
29 31
85 200
47 49
81 90
96 100
3  15
25 28
52 58
49 54
84 91
95 103
17 21
49 52

// sorted
3 15
17 21
25 28
29 31
42 45
47 49
42 50
49 52
49 54
52 58
70 72
81 90
84 91
96 100
79 100
95 103
85 200

29
42 45
42 50
70 72
79 100
29 31
85 200
47 49
81 90
96 100
3  15
25 28
52 58
49 54
84 91
95 103
92 98
2 12
14 90
85 98
85 104
21 54
30 41
86 130
89 91
79 84
39 43
49 59
47 55
17 20

7
0 5
10 14
11 13
13 15
8 10
34 50
100 500

//sorted
0 5
8 10
11 13
10 14
13 15
34 50
100 500


44
42 42 70 79 29 85 47 81 96 3 25 52 49 84 95 17 49 7 9 76 77 79 32 45 52 30 92 85 17 32 92 2 14 85 85 21 30 86 89 79 39 49 47 17